1	321
1	497
2	444
2	442
3	202
4	202
5	472
6	200
7	205
8	6
8	8
8	1
9	408
9	2
9	381
9	1
10	312
10	319
10	440
10	445
13	318
13	204
14	307
15	307
16	307
17	320
17	321
17	319
17	445
17	497
21	203
22	493
23	480
24	210
24	472
24	200
25	208
25	436
26	210
27	206
29	206
30	209
31	318
32	307
33	307
34	319
34	312
35	319
35	320
36	321
36	320
37	444
38	376
38	254
39	444
39	442
39	428
40	1
41	408
42	408
42	2
43	7
43	2
44	4
44	3
45	417
45	5
46	10
47	10
48	421
49	9
49	421
50	410
51	8
51	1
52	417
53	254
54	273
55	274
56	270
57	270
58	307
59	271
59	275
60	207
60	213
61	276
61	275
62	276
63	272
65	206
66	206
67	209
68	209
69	493
69	474
70	474
71	482
72	480
73	480
74	71
75	208
77	109
77	7
78	12
79	110
79	12
80	111
81	111
82	22
83	22
84	109
84	22
85	50
86	37
87	71
88	219
89	219
90	253
91	467
91	466
92	467
92	353
93	353
94	354
95	494
95	354
96	398
96	6
96	8
98	356
99	355
99	356
100	355
101	299
101	207
101	355
102	299
102	207
103	254
104	254
105	274
106	270
107	273
108	270
109	271
109	275
110	410
111	213
112	37
112	3
113	466
115	241
115	253
116	237
117	237
118	226
119	376
119	254
119	246
120	246
121	246
121	249
122	250
123	247
124	247
126	251
126	248
127	251
127	275
128	284
130	466
132	210
133	467
133	353
133	279
134	353
134	281
135	466
135	467
136	467
136	466
136	279
137	353
137	467
137	281
138	354
138	285
139	354
139	494
139	294
139	285
140	356
140	289
141	355
141	288
142	299
142	267
143	392
143	110
145	272
148	111
148	172
149	111
149	172
150	22
151	109
151	22
152	22
153	50
154	37
155	429
155	212
155	292
155	269
155	208
157	269
159	284
160	284
161	284
162	289
162	494
162	294
162	356
163	279
164	279
165	279
165	281
165	467
166	281
166	279
166	353
167	281
168	285
168	354
169	294
169	285
169	354
170	267
171	252
171	276
172	289
173	288
173	289
174	399
174	103
175	168
175	110
175	19
175	12
176	172
177	299
177	296
177	267
178	213
179	12
179	19
180	21
181	102
181	21
182	49
183	398
183	399
183	103
184	36
185	423
185	71
186	218
186	219
187	218
187	219
188	253
189	240
189	241
190	236
190	237
191	236
191	237
192	225
192	226
193	284
194	284
196	279
196	359
197	279
197	281
197	359
198	281
198	279
198	366
199	281
200	285
201	294
201	285
202	289
203	168
203	392
203	110
204	288
204	370
204	289
205	288
205	370
207	251
207	248
208	251
209	335
210	317
211	172
212	269
213	252
214	359
214	366
214	279
215	366
216	370
217	123
217	103
218	366
218	359
218	281
219	369
219	375
219	294
219	285
220	487
220	289
221	284
222	21
222	29
223	369
223	285
224	168
224	19
225	19
226	172
227	267
228	370
229	423
230	218
232	240
233	218
235	236
236	236
237	375
237	487
237	294
237	289
238	225
243	335
244	430
244	296
245	430
245	296
247	487
248	412
248	411
249	411
249	412
250	359
251	359
251	366
252	366
252	359
253	366
254	369
255	375
255	369
257	405
257	102
257	21
258	123
258	118
259	13
260	13
261	29
261	23
262	123
262	103
262	118
263	21
263	29
264	49
264	402
264	48
265	36
265	402
265	35
266	62
267	78
268	422
269	422
270	240
270	81
271	81
272	80
273	80
274	79
275	82
276	425
276	83
277	423
279	426
279	84
280	89
281	90
281	92
282	92
283	93
284	335
284	93
285	317
285	91
287	96
287	88
288	96
289	85
289	94
290	95
290	94
291	97
292	97
293	101
294	370
294	98
294	487
295	370
295	98
296	435
296	87
297	435
298	86
299	412
299	77
300	62
301	78
302	412
302	391
303	393
304	82
305	82
306	89
308	429
308	100
308	490
308	491
308	88
308	269
308	292
309	86
310	167
311	23
311	29
312	82
314	83
314	425
315	83
315	425
316	84
316	426
317	84
317	426
319	89
320	221
320	78
321	245
321	422
322	447
323	451
324	259
324	451
325	492
325	100
325	88
325	306
326	28
326	407
326	13
327	167
327	406
327	28
328	245
328	422
329	243
329	81
330	243
330	81
331	239
331	80
332	451
332	259
333	259
334	263
335	263
336	453
337	308
338	358
338	94
338	293
338	85
339	453
340	322
340	454
340	90
340	92
341	322
341	92
342	455
343	315
343	91
344	331
344	93
345	331
345	93
346	306
346	88
348	367
348	96
349	367
350	293
351	365
351	358
351	95
351	94
352	365
352	95
353	368
353	97
354	368
354	97
355	489
355	98
357	62
358	221
358	78
359	239
359	80
360	447
360	82
361	374
361	101
361	368
362	488
362	99
363	118
363	13
363	407
364	390
364	48
365	402
365	48
366	402
366	35
367	79
368	308
368	89
369	489
369	98
370	87
373	221
373	174
374	221
374	174
375	245
375	178
376	447
376	179
377	451
377	447
377	179
377	190
378	451
378	259
378	190
379	259
379	451
379	180
380	259
381	263
382	263
383	245
383	178
384	243
385	243
385	177
386	239
386	176
387	239
387	176
387	175
388	453
388	191
389	308
389	453
389	186
390	308
391	322
391	189
392	455
392	193
393	455
394	331
395	331
396	315
396	188
397	306
399	365
399	358
399	195
400	367
400	196
401	367
402	293
403	293
404	358
404	293
405	365
406	368
407	368
408	374
408	368
408	495
409	488
410	489
411	66
412	169
412	76
413	184
414	104
414	389
414	73
415	104
415	117
415	74
415	400
416	73
417	169
418	489
418	198
419	56
420	56
421	133
422	133
423	41
424	184
425	66
426	174
427	174
428	178
429	178
430	177
431	177
432	176
433	176
434	175
435	82
436	196
437	182
438	179
439	179
440	190
440	179
441	190
441	180
442	180
442	190
443	180
444	181
445	181
446	76
447	169
447	76
448	191
448	181
449	191
449	186
450	186
451	186
453	454
453	187
453	322
454	189
454	322
455	413
455	183
456	413
456	173
457	189
458	193
459	193
460	192
461	192
462	188
463	188
464	315
465	185
467	196
468	182
468	194
469	194
469	182
470	194
470	195
470	358
471	195
472	197
473	495
473	197
474	199
474	495
474	374
475	199
476	198
477	183
478	173
478	413
479	75
481	169
482	169
483	169
484	56
485	56
486	133
487	133
488	179
489	189
490	189
491	174
491	220
492	174
492	220
493	178
493	244
494	178
494	244
495	177
496	179
497	190
497	180
498	180
498	190
499	180
500	181
501	181
502	191
503	193
504	193
505	192
506	192
507	188
508	188
509	177
509	242
510	176
510	238
511	176
511	238
512	186
512	191
513	186
514	184
515	185
517	196
518	183
519	196
520	182
520	194
521	194
521	182
522	194
522	195
523	197
523	195
524	197
524	495
525	182
526	498
526	74
527	73
527	116
528	162
529	55
530	75
530	20
530	403
531	158
532	162
533	163
534	163
535	55
536	132
537	495
537	199
537	364
537	363
538	199
538	198
538	363
539	72
539	66
540	220
541	220
542	244
543	244
544	242
545	158
545	75
546	242
547	238
548	238
549	424
549	175
550	255
551	326
551	190
551	255
552	326
552	260
553	260
553	326
554	260
555	264
556	264
557	327
557	264
558	327
558	191
559	498
559	74
559	11
560	448
560	327
561	463
561	187
562	325
563	325
564	132
565	41
566	338
567	338
568	334
569	334
570	464
572	255
573	280
573	357
574	357
574	280
575	357
575	360
576	360
576	357
577	360
577	361
577	195
578	364
578	361
579	300
579	184
580	300
581	469
582	448
584	362
584	363
584	198
585	362
585	198
587	469
587	183
588	173
589	173
593	158
593	159
594	158
594	159
595	162
595	164
596	162
596	164
596	163
597	163
597	170
598	163
598	170
599	55
599	57
600	55
600	57
601	72
601	66
602	132
602	134
603	132
603	134
605	434
605	280
606	116
606	389
606	73
607	116
607	498
608	326
608	452
608	255
609	326
609	452
609	260
610	260
610	261
610	326
611	264
611	265
612	327
612	328
612	264
613	327
613	328
614	448
614	309
614	327
615	498
616	220
617	220
618	244
619	244
620	242
621	238
622	238
623	448
623	309
624	255
624	256
625	357
625	280
625	341
626	357
626	341
626	360
627	360
627	357
627	342
628	360
628	342
629	361
629	344
630	325
631	325
632	338
633	362
633	481
634	300
634	297
635	338
636	334
637	334
638	464
639	464
640	403
640	30
640	20
641	300
641	297
642	469
643	159
643	403
643	30
644	159
645	164
645	162
646	164
646	170
647	170
648	170
649	57
650	57
651	469
652	413
652	77
652	485
653	134
654	134
654	42
654	46
655	434
655	277
655	343
657	256
657	255
658	256
658	255
658	452
658	326
659	452
659	256
660	452
660	261
661	261
661	452
663	265
664	328
664	265
665	328
665	327
666	309
666	328
666	448
667	309
667	448
669	465
669	459
670	343
671	280
671	434
671	277
671	341
671	357
672	341
672	357
673	341
673	342
674	342
674	341
674	360
675	342
676	344
676	361
677	346
677	344
677	364
677	361
678	346
678	345
678	363
678	364
679	72
679	215
679	68
680	215
681	232
682	232
683	242
683	231
684	231
685	345
685	481
685	363
685	362
686	481
687	297
687	484
688	230
689	424
689	228
689	230
689	223
690	463
690	449
690	324
690	314
691	324
692	337
693	337
694	333
695	333
696	316
697	316
698	261
698	262
699	265
699	266
700	328
700	330
700	265
701	309
701	310
702	309
702	310
703	31
703	30
704	160
704	31
704	159
704	30
705	160
705	159
706	165
706	164
707	171
707	170
707	58
707	57
708	135
708	58
708	134
708	57
709	135
709	46
709	134
709	43
709	42
710	257
710	256
711	329
711	452
711	257
711	261
711	256
711	262
712	349
712	343
712	459
712	302
712	465
713	278
713	277
713	349
713	343
713	433
713	434
714	347
714	341
714	278
714	277
714	433
714	434
715	348
715	342
715	347
715	341
716	350
716	344
717	352
717	346
717	344
717	350
718	346
718	345
718	351
718	352
719	345
719	351
719	481
719	479
720	479
720	484
720	298
720	481
720	297
722	232
723	231
724	230
725	257
725	329
726	215
727	232
727	231
728	324
729	337
730	337
731	333
732	160
733	165
734	171
734	409
735	58
735	59
736	135
736	58
736	59
736	136
738	171
738	409
738	165
740	266
741	330
741	266
742	330
743	310
743	311
744	329
744	262
744	339
744	460
746	347
746	468
747	347
747	468
747	348
748	348
748	282
748	347
749	348
749	282
750	350
750	286
751	479
751	287
752	298
752	484
752	268
753	257
753	258
754	349
754	302
755	160
755	31
755	32
756	161
756	160
757	161
757	160
758	166
759	409
760	59
761	59
762	136
762	135
763	136
763	135
764	44
764	135
764	43
764	46
764	136
765	69
766	216
767	235
768	235
769	234
770	234
771	233
772	216
773	339
773	258
773	329
774	339
774	460
774	329
775	432
775	298
775	431
775	268
776	462
777	340
777	462
777	330
778	340
778	330
779	311
779	310
780	457
780	313
780	324
780	314
781	323
782	323
783	336
784	336
785	332
786	433
786	283
786	278
786	347
786	468
787	468
787	283
788	458
788	332
789	468
789	282
790	282
791	286
792	352
792	295
792	350
792	286
793	351
793	352
793	295
793	290
794	290
794	351
794	287
794	479
795	394
796	282
796	468
796	348
797	287
798	268
799	233
801	224
801	450
801	230
801	223
802	311
802	310
805	161
806	161
808	166
808	138
809	166
809	409
809	138
810	409
810	166
810	139
811	409
811	139
812	59
813	59
813	53
814	136
814	130
815	136
816	216
818	216
819	235
820	233
821	233
822	323
823	323
824	336
825	336
826	332
827	295
827	290
828	258
828	147
829	339
829	258
829	461
829	147
830	339
830	460
830	461
831	460
831	148
833	462
833	149
834	462
834	149
835	340
835	155
835	462
836	340
836	155
836	311
837	311
837	439
838	311
840	234
840	146
841	69
843	234
843	217
844	145
845	224
845	145
846	457
846	152
846	446
847	446
848	154
848	456
848	336
849	458
849	332
849	153
849	154
850	458
850	153
851	456
852	468
852	282
852	470
853	105
854	120
855	282
855	470
856	286
856	156
857	295
857	496
857	286
857	156
858	290
858	483
858	287
858	157
859	287
859	157
860	120
861	15
862	32
862	25
862	31
863	137
863	32
863	25
864	137
865	138
866	268
866	151
867	138
867	139
868	139
868	138
869	139
870	53
871	53
872	130
873	437
873	302
874	437
875	44
876	473
877	473
878	471
879	130
879	44
880	137
881	138
882	138
883	139
884	139
885	53
886	53
887	130
889	473
890	471
891	145
894	70
895	143
896	217
898	461
899	155
899	439
901	446
902	456
903	154
904	105
904	106
905	106
905	121
905	105
906	121
906	120
907	121
907	120
908	16
908	15
909	26
909	137
909	25
910	476
910	477
910	496
910	483
910	475
910	478
910	156
910	157
911	26
911	25
912	140
913	140
914	141
915	141
916	142
916	141
917	54
918	131
919	40
919	130
920	142
921	54
922	131
923	65
923	70
928	154
929	473
930	471
931	155
932	65
933	461
935	446
937	140
938	140
939	141
940	141
940	142
941	142
941	141
942	142
943	54
944	54
945	131
947	146
947	150
948	476
948	477
949	106
950	121
950	119
950	401
950	106
951	16
952	24
952	26
953	125
953	26
953	24
954	125
955	126
956	126
956	127
957	127
957	126
958	127
959	52
960	124
960	52
961	39
961	124
962	64
963	128
964	128
964	143
965	129
966	39
966	124
967	64
967	128
968	128
968	129
969	124
969	52
970	127
970	52
971	125
972	443
973	119
973	379
973	395
973	14
974	441
975	379
975	380
977	384
978	441
979	384
979	60
979	33
981	441
982	414
982	60
983	33
985	45
985	414
985	60
985	33
986	415
988	415
989	45
989	33
990	45
990	414
990	38
990	112
991	387
991	47
992	214
992	415
993	45
993	38
994	486
994	377
995	214
995	415
996	301
997	214
997	113
998	214
999	67
999	47
1000	34
1000	112
1000	38
1001	373
1002	34
1002	38
1003	305
1004	113
1005	113
1006	305
1007	416
1008	63
1008	67
1009	34
1010	305
1011	416
1011	113
1012	416
1013	67
1013	63
1014	63
1014	388
1015	305
1016	372
1017	304
1018	222
1018	420
1019	385
1019	61
1020	229
1020	385
1020	61
1021	388
1021	63
1022	304
1023	222
1023	114
1024	115
1024	229
1025	229
1025	61
1026	115
1026	51
1026	229
1027	371
1028	303
1028	304
1029	304
1029	303
1030	61
1030	51
1032	396
1033	397
1034	396
1035	397
1038	23
1039	165
1039	171
1040	121
1040	119
11	210
12	210
18	210
19	206
20	209
28	210
64	272
76	210
97	210
114	213
125	247
129	284
131	269
144	272
146	299
147	411
156	466
158	269
195	284
206	411
231	218
234	240
239	82
240	82
241	426
242	89
246	430
256	284
278	425
286	96
307	89
313	451
318	453
347	367
356	62
371	87
372	86
398	367
452	186
466	196
480	162
516	196
571	255
583	448
586	464
590	196
591	196
592	196
604	465
656	255
662	261
668	448
721	215
737	333
739	262
745	310
800	257
803	311
804	18
807	437
817	437
832	258
839	311
842	217
888	217
892	144
893	143
897	147
900	439
924	148
925	146
926	145
927	145
934	439
936	147
946	144
976	441
980	414
984	415
987	415
1031	396
1036	396
1037	397
