1	5.20	0.00	3.01	52.03
2	3.43	0.00	1.98	34.26
3	6.01	0.00	3.48	60.09
4	2.73	0.00	1.58	27.33
5	10.26	0.00	5.93	102.56
6	6.16	0.00	3.57	61.63
7	6.16	0.00	3.57	61.63
8	44.45	0.00	25.72	444.51
9	37.97	0.00	21.97	379.66
10	16.56	0.00	11.50	0.00
11	4.94	0.00	2.86	49.44
12	3.84	0.00	2.22	38.43
13	12.41	0.00	7.18	124.08
14	7.55	0.00	4.37	75.48
15	3.29	0.00	1.90	32.88
16	9.81	0.00	5.68	98.12
17	24.83	0.00	17.24	0.00
18	3.14	0.00	1.82	31.41
19	5.55	0.00	3.21	55.48
20	5.56	0.00	3.22	55.56
21	5.41	0.00	3.13	54.05
22	1.78	0.00	1.03	17.77
23	3.29	0.00	1.90	32.86
24	15.73	0.00	10.92	0.00
25	11.50	0.00	6.66	115.03
26	2.79	0.00	1.61	27.88
27	3.94	0.00	2.73	0.00
28	3.49	0.00	2.02	34.93
29	3.90	0.00	2.26	38.99
30	3.98	0.00	2.30	39.76
31	3.00	0.00	1.74	30.00
32	4.54	0.00	2.63	45.41
33	1.39	0.00	0.80	13.87
34	5.70	0.00	3.30	57.03
35	3.34	0.00	1.93	33.40
36	18.91	0.00	10.94	189.12
37	7.46	0.00	4.32	74.64
38	9.32	0.00	5.39	93.21
39	26.24	0.00	15.18	262.39
40	3.44	0.00	2.39	0.00
41	5.01	0.00	3.48	0.00
42	12.20	0.00	8.47	0.00
43	10.96	0.00	7.61	0.00
44	19.19	0.00	13.32	0.00
45	13.78	0.00	7.97	137.77
46	6.48	0.00	3.75	64.83
47	12.47	0.00	8.66	0.00
48	3.53	0.00	2.45	0.00
49	10.25	0.00	7.12	0.00
50	18.57	0.00	10.74	185.67
51	6.88	0.00	3.98	68.84
52	4.53	0.00	2.62	45.29
53	6.23	0.00	3.61	62.32
54	7.03	0.00	4.07	70.27
55	3.36	0.00	1.94	33.58
56	3.95	0.00	2.28	39.45
57	1.64	0.00	0.95	16.36
58	5.68	0.00	3.29	56.80
59	4.48	0.00	2.59	44.78
60	25.99	0.00	15.04	259.95
61	3.75	0.00	2.17	37.50
62	3.27	0.00	1.89	32.72
63	2.32	0.00	1.34	23.22
64	3.53	0.00	2.05	35.35
65	1.99	0.00	1.15	19.94
66	3.69	0.00	2.56	0.00
67	3.71	0.00	2.58	0.00
68	1.62	0.00	0.94	16.18
69	2.63	0.00	1.52	26.33
70	2.01	0.00	1.17	20.14
71	1.62	0.00	0.94	16.18
72	1.71	0.00	0.99	17.13
73	1.71	0.00	0.99	17.13
74	3.80	0.00	2.20	37.97
75	3.67	0.00	2.12	36.71
76	3.81	0.00	2.21	38.10
77	6.14	0.00	3.56	61.45
78	2.78	0.00	1.61	27.83
79	5.56	0.00	3.22	55.57
80	4.17	0.00	2.41	41.66
81	4.90	0.00	2.84	49.04
82	4.07	0.00	2.36	40.74
83	1.97	0.00	1.14	19.67
84	6.04	0.00	3.50	60.41
85	7.38	0.00	4.27	73.83
86	8.15	0.00	5.66	0.00
87	4.89	0.00	2.83	48.88
88	5.16	0.00	2.99	51.63
89	3.71	0.00	2.15	37.09
90	5.27	0.00	3.05	52.68
91	3.36	0.00	2.33	0.00
92	3.36	0.00	2.33	0.00
93	1.46	0.00	0.85	14.64
94	1.81	0.00	1.05	18.08
95	2.72	0.00	1.57	27.19
96	19.08	0.00	11.04	190.78
97	3.04	0.00	1.76	30.43
98	1.46	0.00	0.85	14.64
99	1.55	0.00	0.90	15.47
100	1.53	0.00	0.89	15.32
101	12.09	0.00	6.99	120.87
102	2.91	0.00	1.68	29.09
103	3.00	0.00	1.73	29.96
104	3.47	0.00	2.01	34.71
105	3.53	0.00	2.05	35.35
106	4.02	0.00	2.33	40.18
107	3.08	0.00	1.78	30.82
108	1.67	0.00	0.97	16.72
109	4.71	0.00	2.73	47.13
110	9.11	0.00	5.27	91.13
111	1.75	0.00	1.01	17.48
112	11.92	0.00	6.90	119.15
113	2.87	0.00	1.66	28.68
114	8.65	0.00	5.01	86.53
115	16.51	0.00	11.46	0.00
116	5.29	0.00	3.06	52.89
117	7.05	0.00	4.89	0.00
118	6.95	0.00	4.83	0.00
119	15.54	0.00	8.99	155.41
120	1.72	0.00	1.00	17.22
121	6.68	0.00	3.86	66.76
122	3.39	0.00	1.96	33.94
123	3.73	0.00	2.16	37.34
124	1.67	0.00	0.97	16.72
125	5.97	0.00	3.46	59.73
126	4.57	0.00	2.64	45.68
127	3.99	0.00	2.31	39.88
128	5.08	0.00	3.53	0.00
129	6.43	0.00	4.46	0.00
130	0.72	0.00	0.42	7.18
131	5.02	0.00	2.90	50.17
132	6.67	0.00	3.86	66.72
133	0.88	0.00	0.51	8.84
134	1.16	0.00	0.67	11.56
135	1.09	0.00	0.63	10.92
136	1.36	0.00	0.79	13.64
137	1.16	0.00	0.67	11.58
138	1.56	0.00	0.90	15.57
139	2.00	0.00	1.16	19.99
140	1.16	0.00	0.67	11.56
141	1.16	0.00	0.67	11.65
142	3.92	0.00	2.27	39.19
143	15.13	0.00	8.76	151.30
144	9.37	0.00	5.42	93.72
145	6.29	0.00	3.64	62.93
146	1.84	0.00	1.07	18.41
147	3.13	0.00	1.81	31.33
148	3.55	0.00	2.05	35.49
149	4.29	0.00	2.48	42.93
150	2.30	0.00	1.33	22.96
151	6.72	0.00	3.89	67.15
152	3.74	0.00	2.16	37.38
153	8.07	0.00	4.67	80.70
154	8.97	0.00	5.19	89.70
155	14.79	0.00	8.56	147.92
156	1.52	0.00	0.88	15.23
157	2.08	0.00	1.21	20.82
158	1.33	0.00	0.77	13.29
159	0.86	0.00	0.60	0.00
160	1.14	0.00	0.66	11.35
161	3.39	0.00	2.35	0.00
162	2.02	0.00	1.17	20.18
163	1.23	0.00	0.71	12.33
164	1.54	0.00	0.89	15.41
165	1.00	0.00	0.58	10.02
166	1.31	0.00	0.76	13.07
167	1.31	0.00	0.76	13.10
168	1.62	0.00	0.94	16.22
169	1.74	0.00	1.01	17.43
170	3.87	0.00	2.24	38.74
171	9.91	0.00	5.74	99.14
172	1.25	0.00	0.73	12.53
173	1.46	0.00	0.85	14.64
174	5.82	0.00	3.37	58.24
175	7.92	0.00	4.58	79.22
176	1.84	0.00	1.06	18.40
177	5.75	0.00	3.33	57.51
178	4.32	0.00	2.50	43.16
179	7.21	0.00	4.18	72.15
180	1.75	0.00	1.01	17.49
181	4.94	0.00	2.86	49.35
182	6.66	0.00	3.85	66.55
183	32.85	0.00	19.01	328.50
184	6.78	0.00	3.93	67.84
185	8.96	0.00	5.19	89.60
186	9.66	0.00	5.59	96.58
187	6.31	0.00	3.65	63.08
188	9.73	0.00	5.63	97.26
189	2.92	0.00	1.69	29.19
190	2.54	0.00	1.47	25.38
191	3.31	0.00	1.92	33.13
192	3.23	0.00	1.87	32.30
193	1.09	0.00	0.63	10.88
194	3.19	0.00	2.22	0.00
195	1.52	0.00	0.88	15.18
196	2.49	0.00	1.73	0.00
197	0.87	0.00	0.50	8.70
198	1.23	0.00	0.71	12.33
199	1.23	0.00	0.71	12.30
200	1.52	0.00	0.88	15.23
201	1.38	0.00	0.80	13.78
202	1.23	0.00	0.71	12.33
203	7.25	0.00	4.20	72.54
204	1.33	0.00	0.77	13.31
205	1.31	0.00	0.76	13.05
206	5.00	0.00	2.90	50.03
207	8.01	0.00	4.64	80.12
208	2.55	0.00	1.48	25.51
209	8.44	0.00	4.89	84.45
210	5.69	0.00	3.29	56.90
211	5.05	0.00	2.93	50.55
212	5.41	0.00	3.13	54.10
213	7.68	0.00	4.45	76.84
214	0.88	0.00	0.51	8.77
215	1.23	0.00	0.71	12.33
216	1.29	0.00	0.75	12.89
217	5.09	0.00	2.95	50.93
218	1.31	0.00	0.76	13.10
219	1.59	0.00	0.92	15.88
220	1.31	0.00	0.76	13.10
221	2.90	0.00	2.01	0.00
222	6.69	0.00	3.87	66.86
223	2.27	0.00	1.31	22.68
224	7.94	0.00	4.59	79.37
225	3.05	0.00	1.76	30.45
226	6.16	0.00	3.57	61.61
227	7.29	0.00	4.22	72.94
228	1.81	0.00	1.05	18.13
229	4.84	0.00	2.80	48.35
230	4.90	0.00	2.84	49.03
231	3.81	0.00	2.20	38.07
232	3.01	0.00	1.74	30.09
233	4.21	0.00	2.44	42.10
234	3.66	0.00	2.12	36.62
235	3.51	0.00	2.03	35.12
236	3.64	0.00	2.11	36.44
237	4.89	0.00	2.83	48.88
238	3.47	0.00	2.01	34.67
239	3.08	0.00	1.78	30.82
240	5.59	0.00	3.23	55.86
241	14.38	0.00	8.32	143.80
242	5.95	0.00	3.44	59.46
243	8.73	0.00	5.05	87.30
244	8.11	0.00	4.70	81.14
245	7.50	0.00	4.34	75.04
246	6.62	0.00	3.83	66.16
247	1.31	0.00	0.76	13.10
248	8.67	0.00	5.02	86.67
249	9.85	0.00	5.70	98.50
250	7.90	0.00	5.48	0.00
251	0.96	0.00	0.55	9.56
252	1.31	0.00	0.76	13.05
253	1.37	0.00	0.79	13.69
254	1.69	0.00	0.98	16.88
255	2.59	0.00	1.50	25.88
256	9.36	0.00	6.50	0.00
257	7.63	0.00	4.42	76.32
258	7.14	0.00	4.13	71.35
259	3.51	0.00	2.03	35.11
260	2.66	0.00	1.54	26.65
261	6.89	0.00	3.98	68.85
262	6.35	0.00	4.41	0.00
263	9.29	0.00	5.38	92.89
264	13.35	0.00	7.72	133.48
265	15.08	0.00	8.72	150.76
266	4.28	0.00	2.48	42.80
267	2.88	0.00	1.67	28.77
268	3.67	0.00	2.12	36.71
269	3.30	0.00	1.91	33.04
270	5.50	0.00	3.18	55.00
271	2.79	0.00	1.62	27.92
272	2.36	0.00	1.37	23.63
273	3.30	0.00	1.91	33.04
274	3.15	0.00	1.82	31.45
275	4.53	0.00	2.62	45.27
276	3.69	0.00	2.14	36.93
277	17.68	0.00	10.23	176.85
278	2.16	0.00	1.25	21.57
279	4.04	0.00	2.34	40.38
280	4.77	0.00	2.76	47.72
281	15.26	0.00	8.83	152.59
282	20.01	0.00	13.90	0.00
283	2.46	0.00	1.42	24.59
284	4.81	0.00	2.79	48.13
285	6.54	0.00	3.79	65.42
286	3.17	0.00	1.84	31.72
287	15.31	0.00	10.63	0.00
288	3.81	0.00	2.20	38.10
289	2.70	0.00	1.56	26.97
290	2.55	0.00	1.47	25.47
291	1.60	0.00	0.93	16.04
292	1.21	0.00	0.70	12.06
293	1.48	0.00	0.86	14.82
294	3.26	0.00	1.89	32.63
295	3.59	0.00	2.49	0.00
296	4.13	0.00	2.87	0.00
297	4.10	0.00	2.37	41.01
298	4.92	0.00	2.85	49.19
299	3.76	0.00	2.18	37.62
300	2.77	0.00	1.60	27.69
301	4.58	0.00	2.65	45.80
302	27.32	0.00	15.81	273.15
303	45.89	0.00	26.56	458.88
304	10.40	0.00	6.02	103.96
305	3.26	0.00	1.89	32.63
306	6.49	0.00	3.76	64.90
307	10.05	0.00	5.82	100.50
308	26.80	0.00	18.61	0.00
309	2.69	0.00	1.56	26.90
310	6.81	0.00	3.94	68.12
311	8.46	0.00	4.89	84.56
312	1.43	0.00	0.99	0.00
313	1.94	0.00	1.34	0.00
314	3.80	0.00	2.20	37.95
315	2.09	0.00	1.21	20.94
316	2.28	0.00	1.32	22.76
317	4.18	0.00	2.42	41.80
318	2.09	0.00	1.45	0.00
319	1.62	0.00	1.12	0.00
320	3.13	0.00	1.81	31.34
321	3.34	0.00	1.93	33.38
322	1.20	0.00	0.84	0.00
323	1.71	0.00	1.19	0.00
324	1.22	0.00	0.71	12.24
325	6.36	0.00	4.41	0.00
326	9.66	0.00	5.59	96.62
327	9.93	0.00	5.74	99.26
328	2.76	0.00	1.60	27.60
329	2.63	0.00	1.52	26.29
330	3.02	0.00	1.75	30.23
331	2.63	0.00	1.52	26.29
332	1.72	0.00	1.00	17.22
333	1.89	0.00	1.09	18.92
334	1.96	0.00	1.13	19.60
335	1.39	0.00	0.80	13.87
336	1.79	0.00	1.25	0.00
337	1.39	0.00	0.96	0.00
338	2.20	0.00	1.27	21.99
339	1.89	0.00	1.10	18.94
340	6.33	0.00	3.67	63.33
341	2.32	0.00	1.35	23.25
342	6.97	0.00	4.03	69.69
343	3.30	0.00	1.91	33.04
344	2.92	0.00	1.69	29.19
345	2.53	0.00	1.47	25.33
346	3.30	0.00	2.29	0.00
347	4.37	0.00	2.53	43.75
348	3.30	0.00	2.29	0.00
349	2.97	0.00	1.72	29.70
350	3.47	0.00	2.01	34.74
351	4.04	0.00	2.34	40.38
352	2.04	0.00	1.42	0.00
353	2.57	0.00	1.78	0.00
354	1.60	0.00	0.92	15.95
355	2.20	0.00	1.27	22.03
356	2.92	0.00	2.02	0.00
357	5.27	0.00	3.66	0.00
358	5.72	0.00	3.97	0.00
359	4.01	0.00	2.32	40.06
360	4.41	0.00	2.55	44.08
361	3.10	0.00	1.80	31.02
362	2.13	0.00	1.23	21.33
363	18.63	0.00	12.94	0.00
364	6.38	0.00	3.69	63.85
365	8.90	0.00	6.18	0.00
366	9.39	0.00	6.52	0.00
367	4.01	0.00	2.79	0.00
368	4.07	0.00	2.36	40.74
369	2.69	0.00	1.87	0.00
370	2.24	0.00	1.56	0.00
371	4.10	0.00	2.37	41.04
372	4.67	0.00	3.24	0.00
373	3.80	0.00	2.64	0.00
374	2.81	0.00	1.63	28.10
375	2.12	0.00	1.23	21.21
376	1.98	0.00	1.15	19.80
377	3.10	0.00	1.79	31.00
378	1.14	0.00	0.66	11.42
379	1.31	0.00	0.76	13.05
380	1.79	0.00	1.04	17.95
381	1.96	0.00	1.13	19.58
382	1.32	0.00	0.77	13.22
383	1.70	0.00	0.99	17.02
384	1.72	0.00	1.00	17.22
385	1.98	0.00	1.15	19.80
386	2.38	0.00	1.38	23.84
387	6.05	0.00	4.20	0.00
388	1.55	0.00	0.90	15.50
389	3.18	0.00	1.84	31.77
390	1.74	0.00	1.01	17.45
391	1.61	0.00	0.93	16.14
392	1.69	0.00	0.98	16.95
393	1.54	0.00	0.89	15.41
394	1.88	0.00	1.09	18.76
395	1.63	0.00	0.94	16.31
396	2.95	0.00	1.71	29.48
397	2.19	0.00	1.52	0.00
398	2.85	0.00	1.98	0.00
399	1.55	0.00	0.90	15.49
400	2.15	0.00	1.49	0.00
401	1.99	0.00	1.15	19.91
402	2.39	0.00	1.38	23.93
403	1.05	0.00	0.61	10.54
404	1.03	0.00	0.59	10.27
405	1.31	0.00	0.76	13.14
406	1.62	0.00	0.94	16.18
407	1.00	0.00	0.58	10.02
408	1.34	0.00	0.78	13.41
409	1.39	0.00	0.80	13.87
410	1.55	0.00	0.90	15.50
411	10.24	0.00	7.11	0.00
412	3.64	0.00	2.10	36.36
413	2.18	0.00	1.51	0.00
414	28.82	0.00	16.68	288.24
415	20.08	0.00	11.62	200.83
416	7.20	0.00	4.17	71.99
417	8.31	0.00	4.81	83.14
418	2.61	0.00	1.82	0.00
419	4.59	0.00	2.66	45.94
420	4.09	0.00	2.84	0.00
421	5.02	0.00	3.48	0.00
422	4.46	0.00	3.10	0.00
423	5.02	0.00	3.48	0.00
424	10.01	0.00	5.79	100.08
425	6.77	0.00	4.70	0.00
426	2.83	0.00	1.64	28.35
427	1.74	0.00	1.01	17.40
428	2.00	0.00	1.16	20.03
429	1.52	0.00	0.88	15.23
430	1.52	0.00	0.88	15.25
431	1.77	0.00	1.03	17.72
432	1.50	0.00	1.04	0.00
433	2.08	0.00	1.20	20.80
434	1.89	0.00	1.31	0.00
435	13.55	0.00	9.41	0.00
436	1.26	0.00	0.73	12.57
437	1.58	0.00	0.91	15.79
438	1.59	0.00	0.92	15.92
439	1.34	0.00	0.78	13.44
440	1.38	0.00	0.80	13.78
441	1.18	0.00	0.68	11.76
442	1.34	0.00	0.78	13.44
443	1.79	0.00	1.04	17.95
444	1.96	0.00	1.13	19.58
445	1.39	0.00	0.80	13.87
446	3.04	0.00	1.76	30.41
447	0.90	0.00	0.52	8.97
448	1.48	0.00	0.86	14.79
449	1.31	0.00	0.76	13.05
450	1.36	0.00	0.79	13.62
451	1.47	0.00	0.85	14.68
452	13.50	0.00	9.38	0.00
453	6.63	0.00	4.60	0.00
454	2.05	0.00	1.19	20.48
455	13.09	0.00	9.09	0.00
456	4.11	0.00	2.38	41.12
457	1.62	0.00	1.12	0.00
458	1.79	0.00	1.04	17.95
459	1.71	0.00	0.99	17.11
460	1.88	0.00	1.09	18.76
461	1.63	0.00	0.94	16.31
462	2.13	0.00	1.23	21.30
463	1.39	0.00	0.80	13.87
464	15.45	0.00	10.73	0.00
465	2.30	0.00	1.59	0.00
466	3.01	0.00	1.74	30.14
467	2.20	0.00	1.53	0.00
468	1.14	0.00	0.66	11.40
469	1.34	0.00	0.78	13.44
470	1.71	0.00	0.99	17.10
471	1.42	0.00	0.82	14.21
472	1.71	0.00	1.19	0.00
473	2.55	0.00	1.48	25.51
474	1.02	0.00	0.59	10.16
475	1.46	0.00	0.85	14.64
476	1.40	0.00	0.81	13.98
477	4.50	0.00	2.60	44.96
478	2.91	0.00	1.68	29.10
479	2.76	0.00	1.59	27.55
480	2.62	0.00	1.51	26.17
481	1.84	0.00	1.06	18.35
482	1.27	0.00	0.74	12.72
483	2.12	0.00	1.23	21.21
484	1.94	0.00	1.12	19.43
485	2.09	0.00	1.21	20.94
486	2.20	0.00	1.27	22.03
487	2.04	0.00	1.18	20.39
488	1.76	0.00	1.02	17.63
489	2.04	0.00	1.18	20.39
490	1.60	0.00	1.11	0.00
491	3.69	0.00	2.13	36.89
492	2.28	0.00	1.32	22.84
493	2.47	0.00	1.43	24.74
494	2.00	0.00	1.16	19.99
495	1.96	0.00	1.14	19.64
496	1.36	0.00	0.94	0.00
497	1.27	0.00	0.73	12.69
498	1.29	0.00	0.75	12.92
499	1.99	0.00	1.15	19.94
500	2.18	0.00	1.26	21.75
501	1.54	0.00	0.89	15.41
502	1.60	0.00	0.93	15.99
503	1.68	0.00	0.97	16.81
504	1.54	0.00	0.89	15.41
505	1.87	0.00	1.08	18.67
506	1.61	0.00	0.93	16.15
507	2.20	0.00	1.27	22.03
508	1.39	0.00	0.80	13.87
509	2.29	0.00	1.33	22.93
510	1.99	0.00	1.38	0.00
511	2.68	0.00	1.55	26.85
512	1.63	0.00	0.94	16.27
513	1.55	0.00	0.90	15.50
514	2.53	0.00	1.46	25.29
515	2.57	0.00	1.78	0.00
516	3.32	0.00	1.92	33.22
517	2.50	0.00	1.73	0.00
518	2.92	0.00	1.69	29.17
519	1.43	0.00	0.83	14.30
520	1.23	0.00	0.71	12.28
521	2.27	0.00	1.31	22.66
522	2.07	0.00	1.20	20.70
523	2.77	0.00	1.60	27.67
524	2.25	0.00	1.30	22.51
525	1.86	0.00	1.08	18.63
526	8.12	0.00	5.64	0.00
527	9.35	0.00	5.41	93.50
528	2.16	0.00	1.25	21.62
529	2.04	0.00	1.18	20.39
530	6.20	0.00	4.30	0.00
531	1.89	0.00	1.10	18.94
532	1.47	0.00	0.85	14.68
533	0.86	0.00	0.50	8.61
534	2.24	0.00	1.30	22.39
535	1.79	0.00	1.04	17.95
536	2.32	0.00	1.61	0.00
537	2.68	0.00	1.55	26.80
538	3.35	0.00	1.94	33.47
539	6.61	0.00	4.59	0.00
540	2.82	0.00	1.96	0.00
541	1.74	0.00	1.01	17.40
542	1.94	0.00	1.13	19.44
543	1.57	0.00	0.91	15.73
544	1.54	0.00	0.89	15.41
545	2.71	0.00	1.57	27.13
546	1.76	0.00	1.02	17.63
547	1.54	0.00	1.07	0.00
548	1.92	0.00	1.34	0.00
549	5.00	0.00	3.47	0.00
550	1.17	0.00	0.81	0.00
551	3.24	0.00	1.87	32.36
552	1.14	0.00	0.66	11.42
553	1.22	0.00	0.71	12.24
554	1.79	0.00	1.04	17.95
555	1.96	0.00	1.13	19.58
556	1.39	0.00	0.80	13.87
557	1.55	0.00	0.90	15.48
558	3.04	0.00	1.76	30.41
559	9.81	0.00	5.68	98.15
560	1.47	0.00	0.85	14.68
561	4.48	0.00	3.11	0.00
562	2.18	0.00	1.51	0.00
563	1.72	0.00	1.00	17.22
564	2.72	0.00	1.57	27.19
565	5.87	0.00	4.08	0.00
566	1.96	0.00	1.14	19.62
567	1.80	0.00	1.04	17.97
568	2.04	0.00	1.18	20.45
569	1.81	0.00	1.05	18.13
570	2.45	0.00	1.42	24.47
571	6.62	0.00	4.60	0.00
572	2.60	0.00	1.51	26.04
573	1.10	0.00	0.63	10.97
574	1.31	0.00	0.76	13.05
575	1.00	0.00	0.58	9.97
576	1.31	0.00	0.76	13.05
577	2.60	0.00	1.50	25.97
578	1.18	0.00	0.69	11.85
579	1.84	0.00	1.07	18.41
580	2.95	0.00	1.71	29.50
581	3.33	0.00	1.93	33.31
582	1.96	0.00	1.13	19.58
583	6.66	0.00	4.63	0.00
584	1.90	0.00	1.10	19.02
585	2.20	0.00	1.28	22.05
586	10.06	0.00	6.99	0.00
587	3.51	0.00	2.44	0.00
588	10.46	0.00	7.27	0.00
589	5.33	0.00	3.08	53.30
590	6.27	0.00	4.35	0.00
591	4.89	0.00	3.40	0.00
592	3.21	0.00	1.86	32.10
593	1.79	0.00	1.04	17.95
594	1.66	0.00	0.96	16.57
595	1.70	0.00	0.98	17.00
596	0.81	0.00	0.47	8.13
597	0.81	0.00	0.47	8.09
598	2.11	0.00	1.22	21.12
599	2.04	0.00	1.18	20.37
600	1.74	0.00	1.01	17.45
601	9.16	0.00	6.36	0.00
602	2.01	0.00	1.16	20.08
603	2.28	0.00	1.32	22.81
604	5.09	0.00	3.53	0.00
605	6.38	0.00	3.69	63.81
606	19.14	0.00	13.29	0.00
607	11.13	0.00	6.44	111.33
608	1.36	0.00	0.78	13.55
609	1.14	0.00	0.66	11.42
610	1.31	0.00	0.76	13.05
611	1.39	0.00	0.80	13.87
612	1.55	0.00	0.90	15.50
613	1.31	0.00	0.76	13.05
614	1.94	0.00	1.12	19.40
615	6.87	0.00	3.97	68.68
616	3.34	0.00	1.93	33.40
617	2.38	0.00	1.38	23.79
618	2.47	0.00	1.43	24.74
619	2.00	0.00	1.16	19.99
620	2.14	0.00	1.24	21.40
621	1.84	0.00	1.06	18.35
622	2.57	0.00	1.49	25.70
623	1.69	0.00	0.98	16.95
624	2.27	0.00	1.31	22.71
625	1.09	0.00	0.63	10.88
626	0.82	0.00	0.47	8.20
627	1.23	0.00	0.71	12.28
628	1.23	0.00	0.71	12.33
629	1.51	0.00	0.87	15.09
630	2.28	0.00	1.32	22.84
631	2.00	0.00	1.16	19.97
632	2.17	0.00	1.25	21.66
633	1.31	0.00	0.76	13.05
634	1.09	0.00	0.63	10.88
635	2.04	0.00	1.18	20.45
636	2.29	0.00	1.33	22.93
637	1.99	0.00	1.15	19.94
638	2.69	0.00	1.56	26.92
639	4.31	0.00	3.00	0.00
640	6.84	0.00	3.96	68.38
641	3.42	0.00	1.98	34.17
642	3.72	0.00	2.15	37.21
643	5.51	0.00	3.19	55.08
644	1.52	0.00	0.88	15.23
645	1.52	0.00	0.88	15.23
646	0.73	0.00	0.42	7.25
647	0.73	0.00	0.42	7.25
648	1.89	0.00	1.09	18.85
649	1.81	0.00	1.05	18.13
650	1.60	0.00	0.92	15.95
651	9.83	0.00	5.69	98.32
652	32.54	0.00	18.83	325.44
653	1.92	0.00	1.11	19.17
654	7.49	0.00	4.33	74.88
655	3.05	0.00	1.77	30.50
656	5.90	0.00	3.41	59.01
657	1.45	0.00	0.84	14.50
658	2.75	0.00	1.59	27.53
659	1.16	0.00	0.67	11.56
660	0.95	0.00	0.55	9.52
661	1.09	0.00	0.63	10.88
662	1.21	0.00	0.70	12.12
663	1.16	0.00	0.67	11.56
664	1.29	0.00	0.75	12.92
665	1.16	0.00	0.67	11.60
666	1.31	0.00	0.76	13.05
667	1.38	0.00	0.80	13.78
668	5.71	0.00	3.30	57.10
669	7.67	0.00	4.44	76.68
670	2.94	0.00	1.70	29.37
671	5.94	0.00	3.44	59.41
672	1.09	0.00	0.63	10.88
673	0.88	0.00	0.51	8.84
674	1.16	0.00	0.67	11.56
675	1.15	0.00	0.66	11.47
676	1.40	0.00	0.81	13.96
677	3.12	0.00	1.81	31.24
678	3.22	0.00	1.87	32.24
679	10.62	0.00	6.15	106.25
680	2.15	0.00	1.25	21.53
681	2.24	0.00	1.30	22.39
682	1.81	0.00	1.05	18.08
683	4.06	0.00	2.35	40.61
684	1.95	0.00	1.13	19.51
685	3.92	0.00	2.27	39.16
686	1.22	0.00	0.71	12.24
687	1.02	0.00	0.59	10.20
688	1.67	0.00	0.97	16.73
689	7.87	0.00	4.56	78.72
690	7.04	0.00	4.08	70.45
691	1.64	0.00	0.95	16.38
692	1.79	0.00	1.04	17.95
693	1.68	0.00	0.97	16.81
694	1.88	0.00	1.09	18.76
695	1.63	0.00	0.94	16.31
696	2.23	0.00	1.29	22.25
697	9.40	0.00	5.44	94.03
698	0.57	0.00	0.33	5.71
699	0.60	0.00	0.35	5.98
700	1.33	0.00	0.77	13.28
701	0.44	0.00	0.25	4.35
702	1.59	0.00	0.92	15.92
703	1.73	0.00	1.00	17.35
704	2.99	0.00	1.73	29.88
705	1.36	0.00	0.79	13.60
706	1.29	0.00	0.75	12.92
707	3.53	0.00	2.05	35.35
708	3.37	0.00	1.95	33.71
709	3.20	0.00	1.85	32.01
710	3.67	0.00	2.12	36.69
711	4.72	0.00	2.73	47.22
712	5.85	0.00	3.38	58.46
713	2.24	0.00	1.30	22.43
714	3.43	0.00	1.99	34.32
715	3.94	0.00	2.28	39.43
716	0.88	0.00	0.51	8.84
717	2.49	0.00	1.44	24.86
718	1.47	0.00	0.85	14.73
719	2.41	0.00	1.40	24.11
720	2.38	0.00	1.38	23.79
721	1.77	0.00	1.03	17.72
722	1.89	0.00	1.09	18.85
723	1.67	0.00	0.97	16.68
724	1.45	0.00	0.84	14.50
725	0.59	0.00	0.34	5.86
726	1.05	0.00	0.60	10.45
727	3.28	0.00	1.90	32.85
728	1.45	0.00	0.84	14.50
729	1.60	0.00	0.92	15.95
730	1.52	0.00	0.88	15.20
731	1.66	0.00	0.96	16.63
732	1.60	0.00	0.93	16.01
733	1.62	0.00	0.94	16.18
734	2.00	0.00	1.16	20.03
735	1.93	0.00	1.11	19.26
736	4.16	0.00	2.41	41.60
737	1.82	0.00	1.05	18.16
738	0.92	0.00	0.54	9.25
739	1.39	0.00	0.80	13.87
740	0.92	0.00	0.54	9.25
741	1.46	0.00	0.85	14.64
742	1.23	0.00	0.71	12.33
743	1.55	0.00	0.90	15.50
744	1.65	0.00	0.96	16.52
745	2.81	0.00	1.63	28.13
746	1.32	0.00	0.77	13.23
747	1.06	0.00	0.61	10.60
748	1.38	0.00	0.80	13.78
749	1.39	0.00	0.80	13.87
750	1.71	0.00	0.99	17.13
751	1.47	0.00	0.85	14.68
752	1.22	0.00	0.71	12.24
753	2.00	0.00	1.16	20.03
754	8.03	0.00	4.65	80.29
755	5.71	0.00	3.30	57.06
756	1.60	0.00	0.92	15.95
757	1.48	0.00	0.86	14.83
758	1.52	0.00	0.88	15.23
759	1.89	0.00	1.09	18.85
760	1.81	0.00	1.05	18.13
761	1.60	0.00	0.92	15.95
762	1.89	0.00	1.09	18.85
763	1.79	0.00	1.04	17.90
764	7.03	0.00	4.07	70.29
765	4.24	0.00	2.45	42.41
766	2.77	0.00	1.60	27.71
767	2.57	0.00	1.49	25.69
768	2.09	0.00	1.21	20.94
769	1.99	0.00	1.15	19.94
770	2.29	0.00	1.33	22.93
771	1.99	0.00	1.15	19.94
772	1.80	0.00	1.04	17.97
773	1.88	0.00	1.09	18.83
774	1.69	0.00	0.98	16.95
775	8.35	0.00	4.83	83.54
776	0.92	0.00	0.54	9.25
777	1.46	0.00	0.85	14.64
778	1.23	0.00	0.71	12.33
779	1.55	0.00	0.90	15.50
780	6.54	0.00	3.78	65.40
781	2.50	0.00	1.45	25.02
782	1.99	0.00	1.15	19.94
783	2.19	0.00	1.27	21.93
784	2.07	0.00	1.20	20.75
785	2.29	0.00	1.33	22.93
786	5.87	0.00	3.40	58.73
787	0.99	0.00	0.57	9.86
788	5.17	0.00	2.99	51.66
789	0.71	0.00	0.41	7.07
790	1.00	0.00	0.58	10.02
791	1.24	0.00	0.72	12.37
792	5.05	0.00	2.92	50.53
793	4.06	0.00	2.35	40.61
794	4.82	0.00	2.79	48.22
795	9.98	0.00	5.78	99.80
796	1.05	0.00	0.61	10.47
797	1.10	0.00	0.64	11.04
798	0.88	0.00	0.51	8.84
799	3.16	0.00	1.83	31.59
800	5.08	0.00	2.94	50.83
801	6.65	0.00	3.85	66.46
802	1.40	0.00	0.81	13.96
803	3.06	0.00	2.13	0.00
804	9.23	0.00	5.34	92.29
805	2.09	0.00	1.21	20.94
806	2.04	0.00	1.18	20.39
807	2.00	0.00	1.16	20.03
808	1.93	0.00	1.12	19.31
809	2.31	0.00	1.34	23.11
810	2.77	0.00	1.61	27.74
811	2.47	0.00	1.43	24.74
812	2.37	0.00	1.37	23.67
813	2.08	0.00	1.20	20.76
814	2.57	0.00	1.49	25.70
815	2.28	0.00	1.32	22.80
816	2.54	0.00	1.76	0.00
817	3.30	0.00	1.91	33.03
818	1.59	0.00	0.92	15.92
819	5.14	0.00	2.98	51.41
820	1.81	0.00	1.05	18.13
821	2.81	0.00	1.63	28.14
822	2.04	0.00	1.18	20.39
823	1.63	0.00	1.13	0.00
824	1.79	0.00	1.25	0.00
825	1.63	0.00	1.13	0.00
826	1.88	0.00	1.09	18.76
827	2.45	0.00	1.42	24.50
828	2.64	0.00	1.53	26.38
829	3.74	0.00	2.16	37.39
830	2.52	0.00	1.46	25.21
831	2.87	0.00	1.66	28.69
832	2.22	0.00	1.54	0.00
833	3.05	0.00	1.76	30.45
834	1.25	0.00	0.72	12.51
835	2.15	0.00	1.24	21.50
836	1.81	0.00	1.05	18.13
837	1.92	0.00	1.11	19.19
838	0.93	0.00	0.54	9.31
839	3.80	0.00	2.64	0.00
840	2.99	0.00	1.73	29.94
841	3.00	0.00	2.08	0.00
842	0.56	0.00	0.39	0.00
843	4.36	0.00	2.52	43.58
844	0.54	0.00	0.31	5.44
845	3.59	0.00	2.49	0.00
846	4.30	0.00	2.98	0.00
847	0.73	0.00	0.50	0.00
848	1.78	0.00	1.03	17.79
849	7.04	0.00	4.08	70.42
850	5.93	0.00	3.43	59.28
851	0.82	0.00	0.57	0.00
852	6.85	0.00	3.97	68.54
853	9.40	0.00	6.53	0.00
854	6.68	0.00	3.87	66.84
855	2.77	0.00	1.61	27.74
856	3.43	0.00	1.98	34.26
857	3.60	0.00	2.09	36.04
858	3.77	0.00	2.18	37.73
859	2.92	0.00	1.69	29.16
860	3.92	0.00	2.27	39.20
861	4.87	0.00	2.82	48.67
862	7.70	0.00	4.46	77.00
863	6.62	0.00	4.59	0.00
864	1.72	0.00	1.00	17.22
865	1.72	0.00	1.00	17.22
866	2.34	0.00	1.35	23.39
867	0.86	0.00	0.50	8.61
868	1.03	0.00	0.60	10.33
869	2.14	0.00	1.24	21.39
870	2.11	0.00	1.22	21.07
871	1.89	0.00	1.10	18.94
872	2.32	0.00	1.61	0.00
873	6.55	0.00	3.79	65.46
874	9.64	0.00	5.58	96.42
875	14.20	0.00	9.86	0.00
876	1.82	0.00	1.06	18.24
877	1.35	0.00	0.78	13.45
878	2.08	0.00	1.21	20.85
879	9.46	0.00	6.57	0.00
880	1.45	0.00	0.84	14.50
881	1.45	0.00	0.84	14.50
882	0.72	0.00	0.42	7.21
883	0.83	0.00	0.48	8.32
884	1.81	0.00	1.05	18.13
885	1.81	0.00	1.05	18.13
886	1.60	0.00	0.92	15.95
887	1.96	0.00	1.36	0.00
888	0.75	0.00	0.52	0.00
889	2.19	0.00	1.27	21.89
890	3.27	0.00	1.89	32.73
891	1.77	0.00	1.02	17.70
892	2.33	0.00	1.35	23.32
893	0.83	0.00	0.58	0.00
894	2.69	0.00	1.87	0.00
895	0.96	0.00	0.56	9.60
896	3.54	0.00	2.05	35.43
897	1.07	0.00	0.62	10.70
898	3.12	0.00	1.80	31.19
899	3.90	0.00	2.26	38.97
900	0.62	0.00	0.36	6.21
901	2.24	0.00	1.30	22.39
902	1.48	0.00	0.86	14.80
903	3.71	0.00	2.15	37.12
904	14.58	0.00	10.13	0.00
905	4.92	0.00	3.42	0.00
906	4.23	0.00	2.94	0.00
907	4.68	0.00	2.71	46.77
908	5.80	0.00	3.36	57.99
909	6.06	0.00	4.21	0.00
910	11.54	0.00	6.68	115.38
911	0.99	0.00	0.58	9.95
912	2.29	0.00	1.33	22.93
913	2.18	0.00	1.26	21.75
914	2.13	0.00	1.23	21.32
915	1.06	0.00	0.61	10.58
916	1.20	0.00	0.69	11.96
917	2.19	0.00	1.27	21.93
918	2.39	0.00	1.66	0.00
919	8.41	0.00	5.84	0.00
920	2.70	0.00	1.56	27.03
921	2.61	0.00	1.51	26.06
922	2.81	0.00	1.63	28.14
923	3.97	0.00	2.76	0.00
924	9.09	0.00	5.26	90.91
925	4.86	0.00	2.81	48.63
926	1.90	0.00	1.10	19.03
927	2.73	0.00	1.58	27.35
928	10.87	0.00	6.29	108.71
929	12.58	0.00	7.28	125.81
930	22.22	0.00	12.86	222.16
931	8.92	0.00	5.16	89.22
932	1.24	0.00	0.86	0.00
933	8.66	0.00	5.01	86.61
934	8.38	0.00	4.85	83.82
935	15.16	0.00	8.77	151.59
936	9.99	0.00	5.78	99.95
937	2.19	0.00	1.27	21.93
938	2.77	0.00	1.60	27.67
939	2.09	0.00	1.21	20.94
940	1.00	0.00	0.58	9.97
941	1.20	0.00	0.69	11.96
942	2.50	0.00	1.45	24.99
943	2.38	0.00	1.38	23.79
944	3.06	0.00	1.77	30.64
945	2.69	0.00	1.56	26.92
946	6.30	0.00	3.65	63.00
947	18.54	0.00	10.73	185.36
948	5.66	0.00	3.27	56.56
949	11.66	0.00	8.10	0.00
950	4.94	0.00	3.43	0.00
951	5.29	0.00	3.06	52.87
952	1.11	0.00	0.64	11.10
953	7.26	0.00	5.04	0.00
954	1.99	0.00	1.15	19.94
955	1.99	0.00	1.15	19.87
956	1.00	0.00	0.58	9.97
957	1.20	0.00	0.69	11.96
958	2.49	0.00	1.44	24.86
959	2.50	0.00	1.44	24.95
960	5.38	0.00	3.74	0.00
961	3.69	0.00	2.13	36.88
962	2.19	0.00	1.26	21.85
963	2.60	0.00	1.50	26.00
964	2.76	0.00	1.60	27.60
965	1.52	0.00	0.88	15.21
966	2.39	0.00	1.38	23.89
967	3.13	0.00	1.81	31.31
968	3.49	0.00	2.02	34.85
969	6.16	0.00	3.56	61.59
970	7.93	0.00	4.59	79.31
971	10.82	0.00	6.26	108.22
972	26.94	0.00	15.59	269.38
973	16.11	0.00	9.32	161.12
974	15.13	0.00	8.75	151.27
975	25.85	0.00	14.96	258.53
976	6.23	0.00	3.61	62.31
977	13.39	0.00	7.75	133.95
978	7.62	0.00	4.41	76.24
979	16.05	0.00	9.29	160.45
980	4.49	0.00	2.60	44.86
981	12.67	0.00	7.33	126.75
982	8.78	0.00	5.08	87.79
983	10.63	0.00	6.15	106.29
984	8.14	0.00	4.71	81.36
985	7.19	0.00	4.99	0.00
986	3.58	0.00	2.07	35.77
987	6.34	0.00	3.67	63.42
988	2.52	0.00	1.46	25.23
989	7.93	0.00	4.59	79.29
990	7.33	0.00	5.09	0.00
991	6.50	0.00	3.76	65.00
992	8.96	0.00	5.18	89.55
993	6.93	0.00	4.01	69.26
994	25.18	0.00	14.57	251.76
995	7.41	0.00	4.29	74.09
996	7.13	0.00	4.12	71.25
997	12.10	0.00	7.00	120.96
998	2.76	0.00	1.60	27.61
999	8.31	0.00	4.81	83.10
1000	18.75	0.00	13.02	0.00
1001	10.34	0.00	5.99	103.44
1002	5.82	0.00	4.04	0.00
1003	10.06	0.00	5.82	100.59
1004	4.78	0.00	2.77	47.80
1005	6.28	0.00	3.64	62.82
1006	14.71	0.00	8.51	147.10
1007	3.33	0.00	2.32	0.00
1008	7.65	0.00	4.43	76.49
1009	4.90	0.00	3.40	0.00
1010	6.43	0.00	3.72	64.35
1011	8.73	0.00	6.06	0.00
1012	13.14	0.00	9.12	0.00
1013	19.42	0.00	11.24	194.20
1014	7.69	0.00	5.34	0.00
1015	8.56	0.00	4.95	85.62
1016	11.37	0.00	6.58	113.73
1017	3.14	0.00	1.82	31.36
1018	4.37	0.00	2.53	43.68
1019	20.05	0.00	11.60	200.50
1020	9.61	0.00	5.56	96.09
1021	8.81	0.00	5.10	88.07
1022	6.82	0.00	3.94	68.16
1023	3.84	0.00	2.22	38.36
1024	1.96	0.00	1.13	19.58
1025	5.59	0.00	3.23	55.90
1026	5.34	0.00	3.09	53.38
1027	9.49	0.00	5.49	94.94
1028	4.67	0.00	2.71	46.74
1029	10.80	0.00	6.25	107.97
1030	16.51	0.00	9.55	165.06
1031	9.95	0.00	5.76	99.46
1032	10.69	0.00	6.19	106.92
1033	12.72	0.00	7.36	127.24
1034	11.43	0.00	6.61	114.27
1035	16.88	0.00	9.77	168.75
1036	7.65	0.00	4.43	76.50
1037	13.81	0.00	7.99	138.07
1038	3.83	0.00	2.21	38.25
1039	0.77	0.00	0.45	7.70
1040	4.68	0.00	2.71	46.77
